1000 0.500000
0
1
0
Filter @ 0x117f010
- filter -
size:  1000
error: 0.500000
- bloom -
bit_size:   1443
bit/entry:  1.443000
byte_size:  181
hash_num:   1
entries:    1
20010031 1048135778 4
40010420 951700908 5
20010006 891072920 6
20010036 584809255 7
20010017 508515914 8
40010624 407428647 9
20010024 340269138 9
20010001 338810315 5
40010108 338702986 6
40010357 295475976 7
40010287 263103874 8
40010377 247607159 8
20010038 195408440 6
20010027 167651399 7
40010162 147082518 8
40010079 137727923 8
20010026 134761597 7
40010062 130261583 8
40010526 112251997 9
40010595 107284911 9
20010013 94492362 8
20010028 91824133 9
20010021 88804249 9
40010597 84707788 9
20010018 80968054 9
20010011 79254991 10
40010293 70612606 10
40010511 70305169 10
40010436 66818274 11
20010032 66632530 12
20010014 64518011 13
40010353 63951728 14
40010565 63245970 15
20010008 62322856 16
30030010 62047640 17
40010152 60704799 17
40010463 59103240 5
40010598 56291634 6
30030005 55747898 7
40010596 55672941 8
20010025 55455000 8
40010412 54897380 6
40010460 54048870 7
50000079 52998258 8
50000058 50837348 8
40010528 49587863 7
40010105 48214175 8
50000086 45080588 8
20010019 44597999 8
40010136 43948248 9
40010527 43911696 9
50000081 41477547 9
40010604 41117746 9
40010369 38586246 10
40010446 38415097 10
40010021 37849166 10
40010478 37044787 11
40010181 37043935 12
40010622 36905953 13
40010423 36621250 14
40010126 36609093 15
30030015 36523343 16
40010355 35357438 17
50000064 35243722 17
50000000 34483491 6
40010139 34260158 7
40010538 34189158 8
40010352 33986764 8
40010472 33606238 7
20010029 32091641 8
10010002 32060072 8
40010402 31110003 8
40010164 30447591 9
50000078 29856900 9
40010161 29381004 9
40010571 28802684 9
50000080 28196918 10
40010556 28050788 10
30030006 27953563 10
40010131 27122752 11
20010034 27080772 12
20010012 26537543 13
50000082 26247069 14
50000065 26101847 15
20010040 24774227 16
20010007 24531721 17
40010155 24433077 17
20010005 23736609 7
40010256 23594049 8
40010133 23124212 8
40010127 23118465 8
40010271 23110554 9
30030011 22913960 9
50000085 22808851 9
40010153 22304606 9
50000134 21943596 10
40010124 20781804 10
40010421 20661871 10
40010101 20559866 11
40010566 20546652 12
40010567 20282882 13
20010039 20085745 14
40010490 19029126 15
40010118 18871715 16
40010130 18736244 16
40010422 18579611 8
50000118 18552823 9
40010163 17875704 9
40010159 17583258 9
20010002 17344997 9
50000138 17334344 10
40010437 17306828 10
40010142 17027323 10
40010512 16917053 11
50000084 16876790 12
50000090 16502094 13
40010120 16103982 14
30030001 15948118 15
40010513 15913773 16
40010464 15568120 16
40010141 15536090 9
40010466 15500377 9
40010234 15393832 10
50000083 15126047 10
50000088 15054895 10
40010144 14522708 11
30020007 14418600 12
40010122 14290404 13
40010065 14272447 14
40010439 14146042 15
20010037 13951982 16
50000122 13915255 16
40010379 13804843 9
40010128 13545502 10
50000067 13344577 11
40010237 13302749 12
40010129 13301973 13
40010156 13224816 14
40010258 13195532 15
40010112 12974702 16
50000099 12885908 16
40010113 12542579 10
50000105 12527980 11
40010009 12030292 12
50000137 11996578 13
30040002 11894771 14
50000121 11688686 15
40010491 11616309 15
40040001 11447628 11
40010454 11425887 12
50000062 11292199 13
40010427 11176401 14
40010433 11162937 15
40010499 10891782 15
40010473 10795076 12
40010236 10772582 13
40010532 10665805 14
50000093 10498783 15
40010574 10151157 15
50000111 10130387 13
40010110 9997409 14
40010438 9984621 15
40010605 9962632 15
40010413 9849696 14
50000066 9839668 15
40010541 9732000 15
40010114 9589984 15
40010479 9540908 15
40010492 9248637 16
40010303 8900124 16
50000142 8865582 17
40010592 8811326 17
40010577 8778028 17
40010474 8777440 18
50000119 8761168 19
40010502 8756706 20
40010457 8692882 21
50000117 8571610 22
40010465 8453840 23
50000103 8234860 23
40010140 8209447 5
40010599 8085882 6
50000126 8017759 7
30030017 8010867 8
20010010 7932846 8
40010099 7877703 6
40010586 7701534 7
40010289 7540045 8
40010467 7496973 8
40010481 7376337 7
40010583 7275535 8
40010451 7258814 8
40010440 6889226 8
40010505 6847733 9
40010607 6636862 9
40010044 6590383 9
40010154 6580117 9
30030016 6344714 10
40010517 6200869 10
40010086 6129148 10
40010265 6084301 11
10010001 6046232 12
40010553 6030597 13
40010580 5904735 14
40010606 5825488 15
40010514 5675591 16
40010057 5671929 17
40010441 5662056 17
30030009 5615660 6
40010109 5587601 7
40010125 5545373 8
40010324 5425027 8
20010035 5422873 7
40010523 5277891 8
40010535 5261928 8
40010533 5141148 8
40010183 5003452 9
40010137 4992943 9
40010288 4942952 9
40010180 4918290 9
40010468 4844903 10
40010165 4792797 10
40010496 4781471 10
30030008 4775461 11
40010487 4723644 12
40010445 4713417 13
40010117 4683661 14
40010461 4628269 15
50000102 4469931 16
40010572 4450083 17
50000077 4440647 17
50000139 4405669 7
50000063 4404717 8
40010238 4338788 8
40010350 4270209 8
50000100 4265106 9
40010628 4186115 9
40010262 4169098 9
40010508 4162414 9
40010032 4144415 10
40010559 4101896 10
40010475 4070286 10
50000123 4051813 11
50000068 3974571 12
40010176 3915993 13
50000114 3912287 14
40010253 3895770 15
40010041 3887482 16
40010242 3804364 16
30030013 3758535 8
40010255 3739656 9
50000133 3697316 9
20010022 3689038 9
40010241 3683926 9
40010543 3665363 10
50000132 3639621 10
40010469 3609840 10
50000113 3585370 11
40010029 3531707 12
40010529 3513145 13
40010061 3494022 14
40010455 3484392 15
40010014 3456046 16
20010020 3443186 16
40010107 3383540 9
40010448 3353976 9
40010542 3310096 10
40010557 3294467 10
40010146 3283364 10
40010038 3230968 11
40010132 3185053 12
40010160 3182018 13
40010584 3163284 14
30040003 3133503 15
40010550 3112085 16
40010600 3094152 16
40010587 3057958 9
40010003 3002901 10
30030014 2954792 11
40010480 2951838 12
10070007 2949647 13
40010588 2940887 14
40010520 2919559 15
40010157 2908175 16
40010562 2881315 16
40010503 2880146 10
40010300 2863372 11
40010578 2839330 12
40010547 2832369 13
40010601 2829768 14
10020009 2816696 15
40010090 2812005 15
10070008 2776693 11
40010292 2736406 12
40010482 2733401 13
50000025 2719435 14
30030004 2719009 15
40010424 2715290 15
10020008 2680475 12
40010493 2678467 13
50000095 2572371 14
10020005 2543541 15
40010568 2526207 15
50000047 2514697 13
40010589 2485317 14
10020006 2478806 15
40010544 2470520 15
40010034 2459530 14
40010096 2446069 15
40010585 2430635 15
50000012 2425063 15
40010442 2420305 15
40010518 2400046 16
50000005 2379651 16
40010005 2370480 17
10060001 2344863 17
40010291 2337145 17
10020003 2256867 18
40010066 2228992 19
50000106 2223391 20
40010058 2105396 21
10030009 2099860 22
40010430 2093841 23
40010093 2083295 23
40010500 2063397 6
40010184 2036932 7
50000110 2006062 8
50000109 1976170 8
50000098 1961227 7
10030008 1959846 8
40010039 1958174 8
40010085 1947935 8
50000125 1933396 9
40010434 1928100 9
40010506 1923009 9
40010558 1920859 9
40010575 1919932 10
10070019 1911743 10
10020004 1910613 10
10020007 1879346 11
50000135 1853118 12
40010458 1829304 13
40010507 1827025 14
40010100 1808885 15
50000131 1756317 16
40010268 1741200 17
40010462 1732958 17
10030006 1726609 7
40010088 1711194 8
40010484 1710068 8
40010619 1676225 8
40010581 1670847 9
40040007 1646959 9
40010089 1637042 9
40010103 1620041 9
40010148 1613404 10
40010428 1579560 10
50000096 1573347 10
40010579 1520251 11
40010539 1508889 12
20010015 1492999 13
40010182 1484320 14
20010033 1469244 15
10030005 1451627 16
40010012 1450527 16
90000057 1424853 8
40010228 1403267 8
40010078 1388974 9
10030007 1380811 9
40010394 1375944 10
40010608 1373189 10
40010028 1361440 10
10030003 1345303 11
40010059 1344517 12
50000044 1343689 13
40010098 1332032 14
50000021 1299522 15
50000034 1260340 16
50000094 1250964 16
40010515 1244384 9
50000027 1230819 9
40010536 1200325 10
40010470 1199986 10
40010179 1177340 10
40010401 1176245 11
40010582 1170062 12
40010077 1166221 13
40010004 1145627 14
40010080 1138488 15
40010269 1132689 16
40010620 1128390 16
40010346 1124032 9
10070011 1106810 10
40010348 1097774 11
10030014 1091914 12
40010593 1081734 13
40010010 1073179 14
40010498 1072122 15
40010449 1054597 16
50000141 1052018 16
30040001 1045605 10
10050003 1040947 11
40010301 1034133 12
40010459 1033122 13
10070006 1025419 14
10070020 1016871 15
40010095 1013664 15
40010554 1012807 11
30030002 1007321 12
50000006 1006992 13
10030004 989588 14
40010115 972835 15
50000030 970828 15
10070018 965095 12
10040001 947355 13
90000006 936499 14
40010158 936410 15
40010551 929480 15
40010456 922996 13
10030013 921025 14
10030012 911562 15
40010273 909282 15
50000092 903872 14
50000033 898218 15
50000108 895583 15
10070009 892521 15
40010488 886752 15
40010563 884427 16
40010024 872522 16
40010476 870460 17
40010207 870150 17
40010429 861475 17
50000003 858136 18
40010638 858002 19
40010497 850438 20
40010020 849761 21
10070010 835695 22
50000020 831169 23
40010206 829440 23
40010351 807185 7
40010042 805138 8
50000008 795482 8
50000026 788355 8
40010134 788051 9
40010447 783994 9
40010045 782562 9
40010524 775488 9
40010452 772799 10
40010116 767416 10
50000053 753307 10
10030015 752197 11
40010094 746958 12
40010501 746075 13
40010208 737940 14
10030017 720629 15
40010091 720601 16
40010378 719091 16
40010056 718874 8
40010067 717866 8
40010485 717006 9
10030018 716836 9
10070004 713169 10
40010284 705858 10
40040006 705000 10
50000037 704506 11
40010087 702422 12
10040002 700028 13
50000017 697754 14
50000019 689735 15
40010609 688939 16
40010151 686321 16
40010290 675434 9
40010644 664297 9
40040008 662402 10
40010064 662255 10
40010443 655785 10
50000009 641751 11
40010017 640319 12
40040002 634344 13
50000002 633900 14
40010425 628343 15
10020002 627783 16
40010171 626975 16
40010509 625554 9
40010055 625552 10
40010302 611361 11
40010193 603730 12
10070005 599887 13
40010602 587297 14
40010257 584490 15
40010521 579463 16
40010548 578668 16
40010560 572538 10
40010576 570963 11
40010263 566444 12
40010135 558817 13
50000104 556977 14
40010037 553913 15
40010537 549317 15
40010621 544545 11
40010082 538270 12
40010054 538257 13
40010486 535650 14
50000128 535284 15
40010564 534578 15
40010267 532477 12
40040003 532361 13
40010106 522328 14
40010626 518967 15
50000107 518658 15
40010166 512597 13
10050002 503310 14
40010043 502633 15
10030016 498535 15
40010030 492720 14
40010590 491512 15
40010594 482986 15
40010083 473908 15
40010530 472818 15
40010636 471926 16
40010522 470748 16
40040004 468254 17
30020003 467762 17
10030002 466475 17
40040009 463484 18
40010008 457643 19
30040007 457174 20
40010119 451247 21
50000089 449983 22
20010009 443451 23
40010573 442677 23
50000032 437549 8
40010471 436098 8
40010276 435780 9
40010358 433267 9
40010453 433076 10
10070017 430962 10
40010395 425640 10
50000115 424696 11
40010168 416264 12
40010333 413390 13
50000087 413297 14
40010540 412581 15
90000002 405444 16
40010019 397931 16
40010123 395447 9
50000022 395425 9
40010046 390181 9
50000007 386264 10
40010328 385655 11
40010022 384383 12
50000097 384265 13
40010555 383768 14
50000112 379528 15
40010233 373847 16
50000071 369088 16
40010073 368924 9
40010072 368924 10
40010071 368924 11
10070023 356950 12
40010641 356737 13
40010040 353687 14
30040006 346872 15
40010272 342759 16
50000076 340652 16
40010396 334101 10
40010415 333645 11
10070021 333587 12
40010074 331129 13
10070012 326215 14
40010172 322166 15
40010610 320761 15
40010210 314953 11
40040005 312381 12
40010229 311142 13
50000124 306843 14
40010419 301877 15
40010251 301490 15
40040010 299600 12
10070022 299167 13
40010569 287759 14
40010494 286102 15
40010489 283584 15
40010603 280156 13
40010408 278647 14
10070016 276126 15
30020010 275588 15
40010060 274622 14
40010405 271160 15
50000127 270064 15
30020018 268901 15
40010205 266487 15
30040004 264682 16
50000039 263922 16
40010552 262581 17
40010359 260423 17
40010097 260211 17
40010239 260203 18
50000018 255771 19
40010191 254210 20
40010320 251151 21
90000003 248889 22
40040012 246899 23
40010025 242854 23
40010015 240731 9
40010545 239884 9
40010426 237044 9
40010070 232511 10
40010018 231127 11
50000116 227123 12
40040011 225251 13
40010023 225116 14
40010431 222452 15
40010400 216739 16
40010637 213882 16
20010016 212746 9
40010399 209732 10
10040003 209237 11
40010347 205610 12
40010307 203468 13
50000016 200802 14
40010033 199584 15
40010411 199300 16
40010525 197244 16
40010362 195049 10
40010026 194908 11
40010349 194805 12
10070003 194063 13
40010611 193776 14
20010023 193613 15
40010266 193034 15
40010450 192458 11
30020014 189534 12
40010549 187074 13
10020001 185726 14
40010561 184544 15
50000091 181753 15
40010121 181093 12
50000041 180568 13
40010403 180313 14
40010294 179561 15
40010092 177544 15
40010510 173865 13
40010011 173323 14
40010250 171865 15
40010235 170560 15
40010178 169130 14
40010254 163638 15
40010444 161763 15
10030011 161308 15
40010295 159593 15
50000029 159245 16
40010337 154967 16
40010261 154496 17
50000038 154032 17
40010007 151360 17
40010414 146965 18
40010631 146201 19
30020015 143584 20
40010138 143058 21
40010270 142845 22
40010319 141578 23
50000015 138321 23
40010209 136082 9
30020019 134853 10
40010177 134142 11
40010167 133255 12
40010232 133157 13
40010225 132257 14
50000013 128787 15
40010418 127666 16
50000059 125229 16
10070024 124707 10
40010299 123918 11
10030001 123302 12
10070002 123004 13
90000004 121804 14
40010245 121272 15
50000031 119588 15
40010246 117064 11
40010016 114256 12
40010226 114207 13
40010174 113611 14
40010006 113153 15
50000120 110664 15
40010013 110628 12
40010326 109135 13
40010111 106377 14
40010331 106258 15
40010629 104108 15
40010432 103885 13
40010188 103652 14
40010275 102626 15
40010417 102110 15
40010185 97212 14
40010416 93971 15
50000014 92359 15
40010199 92203 15
40010495 92051 15
40010298 92003 16
40010591 91606 16
40010279 91517 16
40010230 89552 17
40010477 87116 18
40010212 84787 19
40010649 83791 20
50000001 83201 21
30020011 83015 22
40010216 82784 23
40010214 75320 23
40010143 72725 10
40010069 71855 11
40010615 71494 12
40010546 68886 13
40010516 68485 14
40010435 67912 15
40010186 67535 15
50000101 67483 11
10030010 62424 12
10070014 62198 13
40010192 61758 14
10070015 58798 15
40010397 58605 15
40010519 56081 12
40010213 54397 13
40010283 54165 14
40010404 53175 15
40010187 52369 15
40010297 51113 13
40010632 50703 14
40010068 48582 15
40010616 48484 15
50000042 48328 14
40010217 48018 15
40010625 46996 15
50000130 46794 15
50000070 45619 15
40010634 45020 16
50000036 44382 16
40010406 44219 16
40010322 41336 17
40010223 41070 18
40010150 40597 19
40010635 38552 20
40010341 37605 21
40010102 36801 22
50000004 35485 23
40010308 35023 23
40010612 34865 11
40010334 34450 12
40010648 33704 13
50000060 32715 14
40010330 32271 15
50000028 31649 15
40010627 31255 12
40010327 31225 13
50000024 30303 14
40010249 29874 14
50000011 29433 13
40010200 28343 14
40010274 27658 15
10040004 27221 15
30020004 26995 14
40010335 26981 15
30020008 26813 15
40010224 26791 15
30020012 26738 15
40010075 25906 16
40010329 25652 16
40010264 24225 16
40010647 24107 17
40010630 23217 18
40010646 22480 19
50000023 22180 20
40010296 21773 21
40010360 20924 22
40010035 20883 23
40010202 20752 23
40010345 20376 12
40010363 20291 13
40010282 19294 14
90000005 18409 14
40010645 18302 13
40010244 18198 14
40010386 17924 15
40010321 17760 15
40010189 16924 14
50000072 16851 15
40010340 15877 15
40010219 15821 15
40010385 14720 15
40010306 14614 16
50000040 14186 16
40010190 13973 16
40010534 13391 17
30020013 13357 18
50000010 12973 19
40010309 12961 20
40010409 12569 21
40010310 12423 22
50000140 12333 23
10060002 11709 23
40010313 11676 13
40010194 10973 14
40010243 10881 14
40010410 10610 14
40010173 10597 15
40010315 10480 15
40010220 10104 15
40010175 9938 15
50000035 8977 16
40010197 8785 16
40010084 8344 16
40010063 8129 17
40010613 7933 18
40010076 7857 19
40010366 7497 20
40010633 7466 21
40010231 6796 22
40010285 6615 23
40010407 6084 23
40010081 6029 14
40010281 5899 15
40010370 5754 15
30020017 5146 15
40010204 5143 15
40010278 5011 16
40010305 4820 16
40010623 4761 16
40010196 4744 17
40010147 4499 18
40010398 4317 19
40010277 4261 20
40010332 4091 21
40010221 4007 22
30020006 3830 22
40010248 3774 15
40010169 3521 15
40010215 3513 16
40010218 3233 16
40010483 3094 16
40010614 2688 17
50000136 2603 18
40010036 2458 19
40010570 2173 20
40010392 2161 21
40010617 2031 22
40010504 2014 22
40010104 2007 16
40010323 1794 16
40010203 1699 16
40010201 1644 17
40010227 1624 18
40010252 1435 19
40010280 1408 20
40010145 1353 21
40010618 1266 22
40010316 1196 22
30040005 1196 16
30020009 967 17
40010642 889 18
40010304 871 19
50000075 756 20
40010149 702 21
40010195 651 22
40010371 598 22
40010240 572 17
40010368 554 18
50000043 430 19
40010388 374 20
40010198 354 21
40010383 262 21
40010260 180 18
40010344 171 19
40010259 121 20
10070001 98 21
40010531 85 21
40010381 75 19
10070013 53 20
40010222 40 21
50000074 38 21
40010643 31 20
40010650 29 21
40010286 29 21
40010311 18 21
40010374 17 22
40010364 13 22
40010247 13 22
40010373 10 22
40010312 9 23
40010384 5 23
40010325 4 23
40010393 3 24
40010361 3 25
50000061 2 26
40010387 2 27
40010336 2 28
40010375 1 29
40010367 1 30
40010343 1 30
